,Algeria,Bahrain,China,Comoros,Djibouti,Egypt,France,Germany,Great Britain,Iran,Iraq,Israel,Jordan,Kuwait,Lebanon,Libya,Mauritania,Morocco,Oman,Palestinian Authority,Qatar,Russia,Saudi Arabia,Somalia,Sudan,Syria,Tunisia,Turkey,United Arab Emirates,United States,Yemen
Algeria,0,0,4,0,0,4,200,13,11,1,0,1,5,0,4,0,0,0,1,0,0,1,16,0,0,0,1,1,4,35,0
Bahrain,0,0,9,0,0,15,8,7,46,1,0,2,3,4,1,0,0,1,3,0,1,1,15,0,6,0,9,3,9,120,0
China,4,9,0,0,0,42,1389,1881,3134,75,9,142,19,8,10,0,0,9,5,0,22,357,91,0,3,6,0,144,23,23285,1
Comoros,0,0,0,0,0,0,0,0,0,0,0,0,0,0,0,0,0,0,0,0,0,0,0,0,0,0,0,0,0,0,0
Djibouti,0,0,0,0,0,0,0,0,0,0,0,0,0,0,0,0,0,0,0,0,0,0,0,0,0,0,0,0,0,0,0
Egypt,4,15,42,0,0,0,58,189,185,13,1,5,22,38,13,8,0,2,14,0,14,12,361,0,4,4,1,26,29,648,18
France,200,8,1389,0,0,58,0,4923,5360,144,1,535,39,3,147,5,4,47,21,0,12,875,88,0,6,27,236,257,54,10349,5
Germany,13,7,1881,0,0,189,4923,0,8229,193,5,936,110,4,32,1,0,14,18,0,11,1642,108,0,14,16,15,429,47,17273,6
Great Britain,11,46,3134,0,0,185,5360,8229,0,392,11,725,100,42,51,4,0,12,39,0,41,877,191,2,28,26,13,546,102,22461,5
Iran,1,1,75,0,0,13,144,193,392,0,0,5,13,11,4,0,1,0,10,0,5,18,20,0,1,8,1,61,12,912,0
Iraq,0,0,9,0,0,1,1,5,11,0,0,0,3,1,0,0,0,0,2,0,0,2,3,0,1,1,0,0,2,14,0
Israel,1,2,142,0,0,5,535,936,725,5,0,0,8,1,3,0,0,9,1,0,5,183,3,0,0,0,1,72,3,3636,0
Jordan,5,3,19,0,0,22,39,110,100,13,3,8,0,4,3,0,0,0,6,0,5,35,37,0,3,7,1,15,25,263,1
Kuwait,0,4,8,0,0,38,3,4,42,11,1,1,4,0,6,0,0,0,10,0,8,0,17,0,2,2,1,6,20,109,5
Lebanon,4,1,10,0,0,13,147,32,51,4,0,3,3,6,0,0,0,0,6,0,1,2,6,0,0,7,0,13,11,216,0
Libya,0,0,0,0,0,8,5,1,4,0,0,0,0,0,0,0,0,0,1,0,0,0,2,0,0,0,0,0,1,5,0
Mauritania,0,0,0,0,0,0,4,0,0,1,0,0,0,0,0,0,0,1,0,0,0,0,0,0,0,0,0,0,0,2,0
Morocco,0,1,9,0,0,2,47,14,12,0,0,9,0,0,0,0,1,0,1,0,1,9,3,0,0,1,3,9,1,23,0
Oman,1,3,5,0,0,14,21,18,39,10,2,1,6,10,6,1,0,1,0,0,2,0,14,0,3,2,3,1,15,53,2
Palestinian Authority,0,0,0,0,0,0,0,0,0,0,0,0,0,0,0,0,0,0,0,0,0,0,0,0,0,0,0,0,0,0,0
Qatar,0,1,22,0,0,14,12,11,41,5,0,5,5,8,1,0,0,1,2,0,0,0,13,0,1,1,1,6,8,166,2
Russia,1,1,357,0,0,12,875,1642,877,18,2,183,35,0,2,0,0,9,0,0,0,0,13,0,1,0,1,102,3,2163,0
Saudi Arabia,16,15,91,0,0,361,88,108,191,20,3,3,37,17,6,2,0,3,14,0,13,13,0,0,11,2,5,60,28,590,1
Somalia,0,0,0,0,0,0,0,0,2,0,0,0,0,0,0,0,0,0,0,0,0,0,0,0,0,0,0,0,0,0,0
Sudan,0,6,3,0,0,4,6,14,28,1,1,0,3,2,0,0,0,0,3,0,1,1,11,0,0,0,0,0,0,30,1
Syria,0,0,6,0,0,4,27,16,26,8,1,0,7,2,7,0,0,1,2,0,1,0,2,0,0,0,0,6,3,38,0
Tunisia,1,9,0,0,0,1,236,15,13,1,0,1,1,1,0,0,0,3,3,0,1,1,5,0,0,0,0,1,3,44,0
Turkey,1,3,144,0,0,26,257,429,546,61,0,72,15,6,13,0,0,9,1,0,6,102,60,0,0,6,1,0,12,1753,0
United Arab Emirates,4,9,23,0,0,29,54,47,102,12,2,3,25,20,11,1,0,1,15,0,8,3,28,0,0,3,3,12,0,304,3
United States,35,120,23285,0,0,648,10349,17273,22461,912,14,3636,263,109,216,5,2,23,53,0,166,2163,590,0,30,38,44,1753,304,0,6
Yemen,0,0,1,0,0,18,5,6,5,0,0,0,1,5,0,0,0,0,2,0,2,0,1,0,1,0,0,0,3,6,0
Absolute #Papers,763,779,442572,0,0,7318,96979,158711,177550,25529,479,17795,2056,873,1119,100,7,214,639,0,662,30136,5099,2,326,305,864,22733,2732,767048,127
