,Algeria,Bahrain,China,Comoros,Djibouti,Egypt,France,Germany,Great Britain,Iran,Iraq,Israel,Jordan,Kuwait,Lebanon,Libya,Mauritania,Morocco,Oman,Palestinian Authority,Qatar,Russia,Saudi Arabia,Somalia,Sudan,Syria,Tunisia,Turkey,United Arab Emirates,United States,Yemen
Algeria,0,0,6,0,0,2,250,17,13,0,0,0,3,0,7,1,0,0,0,0,1,0,15,0,0,0,2,3,7,35,0
Bahrain,0,0,12,0,0,17,6,8,54,2,1,0,3,5,1,0,0,0,1,0,0,0,18,0,4,0,5,4,9,139,0
China,6,12,0,0,0,96,1650,2344,3788,119,17,247,18,17,7,0,0,36,3,0,26,446,208,0,7,3,7,216,26,27942,2
Comoros,0,0,0,0,0,0,0,0,0,0,0,0,0,0,0,0,0,0,0,0,0,0,0,0,0,0,0,0,0,0,0
Djibouti,0,0,0,0,0,0,0,0,0,0,0,0,0,0,0,0,0,0,0,0,0,0,0,0,0,0,0,0,0,0,0
Egypt,2,17,96,0,0,0,115,289,289,46,2,10,18,31,23,7,0,0,25,0,16,53,606,0,1,2,3,95,45,768,16
France,250,6,1650,0,0,115,0,5145,5791,231,3,652,32,8,192,0,5,91,15,0,15,1010,136,0,3,28,374,355,59,11341,0
Germany,17,8,2344,0,0,289,5145,0,8892,332,4,1145,98,12,24,1,0,40,14,0,18,1849,192,0,10,11,12,580,43,18624,11
Great Britain,13,54,3788,0,0,289,5791,8892,0,518,20,801,114,41,58,6,0,43,38,0,54,957,311,1,28,23,25,634,103,23918,6
Iran,0,2,119,0,0,46,231,332,518,0,4,8,14,13,6,0,0,0,10,0,5,64,50,0,0,8,2,121,8,1204,1
Iraq,0,1,17,0,0,2,3,4,20,4,0,0,11,1,0,0,0,0,2,0,0,2,2,0,0,2,0,2,2,15,3
Israel,0,0,247,0,0,10,652,1145,801,8,0,0,7,2,3,0,0,36,0,0,4,214,11,0,0,0,0,109,6,3855,0
Jordan,3,3,18,0,0,18,32,98,114,14,11,7,0,3,4,0,0,0,10,0,5,42,56,0,0,7,5,23,26,300,3
Kuwait,0,5,17,0,0,31,8,12,41,13,1,2,3,0,7,0,0,0,9,0,11,1,17,0,0,1,0,5,19,147,1
Lebanon,7,1,7,0,0,23,192,24,58,6,0,3,4,7,0,0,0,0,7,0,3,9,16,0,0,8,1,11,18,266,0
Libya,1,0,0,0,0,7,0,1,6,0,0,0,0,0,0,0,0,0,1,0,0,0,3,0,1,0,0,1,0,4,0
Mauritania,0,0,0,0,0,0,5,0,0,0,0,0,0,0,0,0,0,1,0,0,0,0,0,0,0,0,3,0,0,1,0
Morocco,0,0,36,0,0,0,91,40,43,0,0,36,0,0,0,0,1,0,0,0,0,36,2,0,0,0,1,38,1,45,0
Oman,0,1,3,0,0,25,15,14,38,10,2,0,10,9,7,1,0,0,0,0,3,1,18,0,1,0,2,4,19,56,1
Palestinian Authority,0,0,0,0,0,0,0,0,0,0,0,0,0,0,0,0,0,0,0,0,0,0,0,0,0,0,0,0,0,0,0
Qatar,1,0,26,0,0,16,15,18,54,5,0,4,5,11,3,0,0,0,3,0,0,1,20,0,2,2,8,10,12,210,0
Russia,0,0,446,0,0,53,1010,1849,957,64,2,214,42,1,9,0,0,36,1,0,1,0,7,0,0,0,2,169,4,2456,0
Saudi Arabia,15,18,208,0,0,606,136,192,311,50,2,11,56,17,16,3,0,2,18,0,20,7,0,0,21,6,28,129,38,889,9
Somalia,0,0,0,0,0,0,0,0,1,0,0,0,0,0,0,0,0,0,0,0,0,0,0,0,0,0,0,0,0,0,0
Sudan,0,4,7,0,0,1,3,10,28,0,0,0,0,0,0,1,0,0,1,0,2,0,21,0,0,0,0,0,2,41,1
Syria,0,0,3,0,0,2,28,11,23,8,2,0,7,1,8,0,0,0,0,0,2,0,6,0,0,0,0,3,2,32,3
Tunisia,2,5,7,0,0,3,374,12,25,2,0,0,5,0,1,0,3,1,2,0,8,2,28,0,0,0,0,3,4,61,0
Turkey,3,4,216,0,0,95,355,580,634,121,2,109,23,5,11,1,0,38,4,0,10,169,129,0,0,3,3,0,12,1975,1
United Arab Emirates,7,9,26,0,0,45,59,43,103,8,2,6,26,19,18,0,0,1,19,0,12,4,38,0,2,2,4,12,0,381,1
United States,35,139,27942,0,0,768,11341,18624,23918,1204,15,3855,300,147,266,4,1,45,56,0,210,2456,889,0,41,32,61,1975,381,0,12
Yemen,0,0,2,0,0,16,0,11,6,1,3,0,3,1,0,0,0,0,1,0,0,0,9,0,1,3,0,1,1,12,0
Absolute #Papers,1005,845,485142,0,0,8128,101064,159561,185112,34021,513,18070,1999,949,1358,58,15,345,773,0,825,31900,7420,1,484,373,1573,24623,3133,799765,160
