,Algeria,Bahrain,China,Comoros,Djibouti,Egypt,France,Germany,Great Britain,Iran,Iraq,Israel,Jordan,Kuwait,Lebanon,Libya,Mauritania,Morocco,Oman,Palestinian Authority,Qatar,Russia,Saudi Arabia,Somalia,Sudan,Syria,Tunisia,Turkey,United Arab Emirates,United States,Yemen
Algeria,0,0,5,0,0,1,253,14,11,2,0,0,3,0,3,0,0,0,1,0,1,1,14,0,0,0,1,4,5,41,0
Bahrain,0,0,18,0,0,23,14,16,51,5,2,0,6,5,4,1,0,0,3,0,5,1,24,0,3,0,7,3,6,151,0
China,5,18,0,0,0,121,1889,2686,4560,181,13,303,34,8,11,0,0,106,6,0,46,660,316,0,14,7,10,363,31,32780,0
Comoros,0,0,0,0,0,0,0,0,0,0,0,0,0,0,0,0,0,0,0,0,0,0,0,0,0,0,0,0,0,0,0
Djibouti,0,0,0,0,0,0,0,0,0,0,0,0,0,0,0,0,0,0,0,0,0,0,0,0,0,0,0,0,0,0,0
Egypt,1,23,121,0,0,0,158,365,348,73,5,11,24,36,26,6,0,0,20,0,41,62,925,0,7,8,8,152,45,824,24
France,253,14,1889,0,0,158,0,6227,6595,307,5,678,26,7,223,3,1,161,23,0,32,1219,248,0,3,30,473,557,69,12849,3
Germany,14,16,2686,0,0,365,6227,0,9970,407,16,1168,137,12,35,1,0,111,20,0,36,1982,344,0,13,16,19,811,46,20858,8
Great Britain,11,51,4560,0,0,348,6595,9970,0,532,37,1008,145,44,82,4,0,111,56,0,103,1206,502,0,21,26,29,863,152,26883,5
Iran,2,5,181,0,0,73,307,407,532,0,3,14,9,13,9,0,0,0,16,0,11,85,92,0,0,5,6,217,11,1451,0
Iraq,0,2,13,0,0,5,5,16,37,3,0,0,7,1,0,0,0,0,4,0,1,2,8,0,0,0,2,8,8,40,2
Israel,0,0,303,0,0,11,678,1168,1008,14,0,0,5,0,14,0,0,106,0,0,8,283,34,0,0,1,2,209,6,4310,0
Jordan,3,6,34,0,0,24,26,137,145,9,7,5,0,8,10,2,0,0,10,0,5,45,89,0,3,1,13,24,27,328,3
Kuwait,0,5,8,0,0,36,7,12,44,13,1,0,8,0,8,0,0,0,7,0,12,2,12,1,0,0,3,3,15,130,3
Lebanon,3,4,11,0,0,26,223,35,82,9,0,14,10,8,0,0,0,0,2,0,9,6,34,0,0,7,5,25,22,368,1
Libya,0,1,0,0,0,6,3,1,4,0,0,0,2,0,0,0,0,0,0,0,0,0,1,0,8,0,0,0,0,6,0
Mauritania,0,0,0,0,0,0,1,0,0,0,0,0,0,0,0,0,0,0,0,0,0,0,0,0,0,0,0,0,0,1,0
Morocco,0,0,106,0,0,0,161,111,111,0,0,106,0,0,0,0,0,0,0,0,0,105,9,0,0,0,2,107,3,140,0
Oman,1,3,6,0,0,20,23,20,56,16,4,0,10,7,2,0,0,0,0,0,8,1,34,0,3,0,4,3,24,54,4
Palestinian Authority,0,0,0,0,0,0,0,0,0,0,0,0,0,0,0,0,0,0,0,0,0,0,0,0,0,0,0,0,0,0,0
Qatar,1,5,46,0,0,41,32,36,103,11,1,8,5,12,9,0,0,0,8,0,0,1,63,0,3,1,5,15,17,406,7
Russia,1,1,660,0,0,62,1219,1982,1206,85,2,283,45,2,6,0,0,105,1,0,1,0,57,0,1,0,0,296,5,2770,0
Saudi Arabia,14,24,316,0,0,925,248,344,502,92,8,34,89,12,34,1,0,9,34,0,63,57,0,0,22,9,50,206,38,1342,20
Somalia,0,0,0,0,0,0,0,0,0,0,0,0,0,1,0,0,0,0,0,0,0,0,0,0,0,0,0,0,0,0,0
Sudan,0,3,14,0,0,7,3,13,21,0,0,0,3,0,0,8,0,0,3,0,3,1,22,0,0,0,0,0,1,23,3
Syria,0,0,7,0,0,8,30,16,26,5,0,1,1,0,7,0,0,0,0,0,1,0,9,0,0,0,4,7,2,41,0
Tunisia,1,7,10,0,0,8,473,19,29,6,2,2,13,3,5,0,0,2,4,0,5,0,50,0,0,4,0,25,7,79,0
Turkey,4,3,363,0,0,152,557,811,863,217,8,209,24,3,25,0,0,107,3,0,15,296,206,0,0,7,25,0,29,2402,1
United Arab Emirates,5,6,31,0,0,45,69,46,152,11,8,6,27,15,22,0,0,3,24,0,17,5,38,0,1,2,7,29,0,472,4
United States,41,151,32780,0,0,824,12849,20858,26883,1451,40,4310,328,130,368,6,1,140,54,0,406,2770,1342,0,23,41,79,2402,472,0,18
Yemen,0,0,0,0,0,24,3,8,5,0,2,0,3,3,1,0,0,0,4,0,7,0,20,0,3,0,0,1,4,18,0
Absolute #Papers,1139,926,446001,0,0,9739,109414,171089,193613,39966,875,19293,2367,971,1711,101,10,555,865,0,1410,33162,10059,1,480,402,2070,27590,3725,842440,179
