,Algeria,Bahrain,China,Comoros,Djibouti,Egypt,France,Germany,Great Britain,Iran,Iraq,Israel,Jordan,Kuwait,Lebanon,Libya,Mauritania,Morocco,Oman,Palestinian Authority,Qatar,Russia,Saudi Arabia,Somalia,Sudan,Syria,Tunisia,Turkey,United Arab Emirates,United States,Yemen
Algeria,0,3,24,0,0,15,521,24,48,8,1,1,11,1,5,0,0,2,4,0,1,6,31,0,1,1,30,21,12,147,1
Bahrain,3,0,74,0,0,43,26,46,188,23,6,7,22,11,10,0,0,1,5,0,24,13,68,2,5,0,6,18,53,534,4
China,24,74,0,0,0,413,3791,5450,10785,477,42,534,112,10,52,1,0,18,26,0,564,1188,1343,0,56,12,32,494,201,70352,9
Comoros,0,0,0,0,0,0,0,0,0,0,0,0,0,0,0,0,0,0,0,0,0,0,0,0,0,0,0,0,0,0,0
Djibouti,0,0,0,0,0,0,0,0,0,0,0,0,0,0,0,0,0,0,0,0,0,0,0,0,0,0,0,0,0,0,0
Egypt,15,43,413,0,0,0,268,667,622,161,28,30,69,94,103,15,0,6,45,0,165,128,1981,1,24,19,31,186,155,1829,79
France,521,26,3791,0,0,268,0,8844,10244,431,26,968,50,28,587,4,8,240,14,0,144,1860,559,0,20,44,1351,653,189,18105,4
Germany,24,46,5450,0,0,667,8844,0,15125,756,55,1698,132,38,95,2,0,43,36,0,131,3199,589,1,28,19,61,1020,201,28767,5
Great Britain,48,188,10785,0,0,622,10244,15125,0,982,285,1595,176,90,190,36,0,60,72,0,322,1954,1059,0,41,17,86,1211,431,41139,9
Iran,8,23,477,0,0,161,431,756,982,0,63,42,40,33,37,0,0,6,36,0,94,164,185,1,3,10,19,459,65,3478,2
Iraq,1,6,42,0,0,28,26,55,285,63,0,3,13,1,4,7,0,0,20,0,4,19,51,0,1,5,1,54,17,182,5
Israel,1,7,534,0,0,30,968,1698,1595,42,3,0,13,7,16,1,0,16,0,0,11,346,48,0,0,2,2,241,36,5691,1
Jordan,11,22,112,0,0,69,50,132,176,40,13,13,0,28,29,9,0,4,24,0,33,18,206,0,3,9,13,29,117,480,8
Kuwait,1,11,10,0,0,94,28,38,90,33,1,7,28,0,17,2,0,3,15,0,21,3,68,0,1,1,10,26,37,224,6
Lebanon,5,10,52,0,0,103,587,95,190,37,4,16,29,17,0,2,0,3,11,0,40,15,56,0,0,9,18,31,41,667,2
Libya,0,0,1,0,0,15,4,2,36,0,7,1,9,2,2,0,0,0,4,0,0,2,12,0,1,0,2,5,4,27,2
Mauritania,0,0,0,0,0,0,8,0,0,0,0,0,0,0,0,0,0,1,0,0,0,0,0,0,0,0,0,0,0,0,0
Morocco,2,1,18,0,0,6,240,43,60,6,0,16,4,3,3,0,1,0,0,0,5,16,21,0,2,3,7,23,6,117,2
Oman,4,5,26,0,0,45,14,36,72,36,20,0,24,15,11,4,0,0,0,0,18,4,57,0,4,0,15,17,43,127,3
Palestinian Authority,0,0,0,0,0,0,0,0,0,0,0,0,0,0,0,0,0,0,0,0,0,0,0,0,0,0,0,0,0,0,0
Qatar,1,24,564,0,0,165,144,131,322,94,4,11,33,21,40,0,0,5,18,0,0,61,187,0,3,0,29,103,129,1057,14
Russia,6,13,1188,0,0,128,1860,3199,1954,164,19,346,18,3,15,2,0,16,4,0,61,0,128,0,2,1,22,343,33,4606,4
Saudi Arabia,31,68,1343,0,0,1981,559,589,1059,185,51,48,206,68,56,12,0,21,57,0,187,128,0,0,90,9,316,375,186,2981,80
Somalia,0,2,0,0,0,1,0,1,0,1,0,0,0,0,0,0,0,0,0,0,0,0,0,0,0,0,0,1,0,0,0
Sudan,1,5,56,0,0,24,20,28,41,3,1,0,3,1,0,1,0,2,4,0,3,2,90,0,0,0,7,5,11,79,6
Syria,1,0,12,0,0,19,44,19,17,10,5,2,9,1,9,0,0,3,0,0,0,1,9,0,0,0,10,9,1,61,2
Tunisia,30,6,32,0,0,31,1351,61,86,19,1,2,13,10,18,2,0,7,15,0,29,22,316,0,7,10,0,34,38,301,1
Turkey,21,18,494,0,0,186,653,1020,1211,459,54,241,29,26,31,5,0,23,17,0,103,343,375,1,5,9,34,0,66,3330,4
United Arab Emirates,12,53,201,0,0,155,189,201,431,65,17,36,117,37,41,4,0,6,43,0,129,33,186,0,11,1,38,66,0,1078,9
United States,147,534,70352,0,0,1829,18105,28767,41139,3478,182,5691,480,224,667,27,0,117,127,0,1057,4606,2981,0,79,61,301,3330,1078,0,41
Yemen,1,4,9,0,0,79,4,5,9,2,5,1,8,6,2,2,0,2,3,0,14,4,80,0,6,2,1,4,9,41,0
Absolute #Papers,2684,2244,404833,0,0,20385,128453,187806,232873,66228,3359,23170,3443,1473,3004,283,13,1940,1372,0,3274,62050,19577,13,809,506,5813,41225,5502,919366,346
