,Algeria,Bahrain,China,Comoros,Djibouti,Egypt,France,Germany,Great Britain,Iran,Iraq,Israel,Jordan,Kuwait,Lebanon,Libya,Mauritania,Morocco,Oman,Palestinian Authority,Qatar,Russia,Saudi Arabia,Somalia,Sudan,Syria,Tunisia,Turkey,United Arab Emirates,United States,Yemen
Algeria,0,8,20,0,0,13,505,24,50,8,0,0,9,1,2,1,0,7,6,0,2,10,53,0,0,0,32,27,12,140,1
Bahrain,8,0,118,0,0,63,41,44,226,23,10,21,18,19,15,2,0,3,10,0,34,22,85,0,4,0,7,19,50,623,3
China,20,118,0,0,0,584,4241,6149,12353,636,75,725,116,20,38,1,0,32,38,0,545,1493,1592,0,67,9,52,572,275,79423,18
Comoros,0,0,0,0,0,0,0,0,0,0,0,0,0,0,0,0,0,0,0,0,0,0,0,0,0,0,0,0,0,0,0
Djibouti,0,0,0,0,0,0,0,0,0,0,0,0,0,0,0,0,0,0,0,0,0,0,0,0,0,0,0,0,0,0,0
Egypt,13,63,584,0,0,0,279,660,701,189,36,26,89,78,79,29,0,6,46,0,173,173,2311,0,36,13,32,227,199,1946,83
France,505,41,4241,0,0,279,0,9057,10435,538,24,1053,54,31,598,6,5,294,35,0,148,1932,561,0,19,35,1206,767,228,18338,4
Germany,24,44,6149,0,0,660,9057,0,15479,867,49,1843,134,37,80,4,0,60,34,0,148,3098,640,0,31,18,91,1049,193,28840,9
Great Britain,50,226,12353,0,0,701,10435,15479,0,1086,345,1670,198,104,202,26,2,76,82,0,307,2038,1198,0,63,32,75,1385,493,41838,12
Iran,8,23,636,0,0,189,538,867,1086,0,99,31,43,46,39,4,0,4,30,0,96,204,214,0,11,10,26,471,65,3836,12
Iraq,0,10,75,0,0,36,24,49,345,99,0,6,28,6,3,2,0,1,20,0,10,23,52,0,0,13,3,69,36,318,4
Israel,0,21,725,0,0,26,1053,1843,1670,31,6,0,15,5,9,0,0,17,2,0,9,439,37,0,1,0,2,234,42,5993,2
Jordan,9,18,116,0,0,89,54,134,198,43,28,15,0,29,26,6,0,3,27,0,45,19,225,0,8,9,9,39,139,568,14
Kuwait,1,19,20,0,0,78,31,37,104,46,6,5,29,0,12,3,0,4,20,0,19,4,66,0,2,3,14,33,31,285,5
Lebanon,2,15,38,0,0,79,598,80,202,39,3,9,26,12,0,1,0,0,8,0,34,19,69,0,2,12,18,37,42,645,4
Libya,1,2,1,0,0,29,6,4,26,4,2,0,6,3,1,0,0,2,2,0,4,0,10,0,0,1,2,6,1,34,2
Mauritania,0,0,0,0,0,0,5,0,2,0,0,0,0,0,0,0,0,3,0,0,0,0,0,0,0,0,0,0,0,1,0
Morocco,7,3,32,0,0,6,294,60,76,4,1,17,3,4,0,2,3,0,0,0,1,27,22,0,0,2,10,23,16,132,5
Oman,6,10,38,0,0,46,35,34,82,30,20,2,27,20,8,2,0,0,0,0,16,11,71,0,4,1,11,24,47,134,2
Palestinian Authority,0,0,0,0,0,0,0,0,0,0,0,0,0,0,0,0,0,0,0,0,0,0,0,0,0,0,0,0,0,0,0
Qatar,2,34,545,0,0,173,148,148,307,96,10,9,45,19,34,4,0,1,16,0,0,74,290,0,1,3,39,127,163,1064,4
Russia,10,22,1493,0,0,173,1932,3098,2038,204,23,439,19,4,19,0,0,27,11,0,74,0,182,0,7,6,12,402,59,4612,3
Saudi Arabia,53,85,1592,0,0,2311,561,640,1198,214,52,37,225,66,69,10,0,22,71,0,290,182,0,0,108,17,358,406,190,3187,75
Somalia,0,0,0,0,0,0,0,0,0,0,0,0,0,0,0,0,0,0,0,0,0,0,0,0,0,0,0,2,0,1,0
Sudan,0,4,67,0,0,36,19,31,63,11,0,1,8,2,2,0,0,0,4,0,1,7,108,0,0,2,5,8,24,91,7
Syria,0,0,9,0,0,13,35,18,32,10,13,0,9,3,12,1,0,2,1,0,3,6,17,0,2,0,5,4,2,67,2
Tunisia,32,7,52,0,0,32,1206,91,75,26,3,2,9,14,18,2,0,10,11,0,39,12,358,0,5,5,0,42,38,246,2
Turkey,27,19,572,0,0,227,767,1049,1385,471,69,234,39,33,37,6,0,23,24,0,127,402,406,2,8,4,42,0,85,3237,7
United Arab Emirates,12,50,275,0,0,199,228,193,493,65,36,42,139,31,42,1,0,16,47,0,163,59,190,0,24,2,38,85,0,1176,10
United States,140,623,79423,0,0,1946,18338,28840,41838,3836,318,5993,568,285,645,34,1,132,134,0,1064,4612,3187,1,91,67,246,3237,1176,0,33
Yemen,1,3,18,0,0,83,4,9,12,12,4,2,14,5,4,2,0,5,2,0,4,3,75,0,7,2,2,7,10,33,0
Absolute #Papers,2906,2634,453477,0,0,23775,127513,189828,231899,68282,5312,23115,3883,1587,3397,294,21,2340,1440,0,3320,68540,20282,11,892,511,5362,37449,6214,908716,379
