,Algeria,Bahrain,China,Comoros,Djibouti,Egypt,France,Germany,Great Britain,Iran,Iraq,Israel,Jordan,Kuwait,Lebanon,Libya,Mauritania,Morocco,Oman,Palestinian Authority,Qatar,Russia,Saudi Arabia,Somalia,Sudan,Syria,Tunisia,Turkey,United Arab Emirates,United States,Yemen
Algeria,0,12,47,0,0,69,457,29,73,32,12,0,28,8,9,1,0,7,8,0,14,12,172,0,1,2,46,79,33,177,3
Bahrain,12,0,254,0,0,169,56,72,552,81,27,15,78,25,43,7,0,7,38,0,126,55,270,0,17,3,19,97,177,1182,2
China,47,254,0,0,0,1565,5572,9197,19329,1935,144,1088,204,85,119,15,0,96,92,0,689,2160,3117,1,135,29,131,1105,664,98664,85
Comoros,0,0,0,0,0,0,0,0,0,0,0,0,0,0,0,0,0,0,0,0,0,0,0,0,0,0,0,0,0,0,0
Djibouti,0,0,0,0,0,0,0,0,0,0,0,0,0,0,0,0,0,0,0,0,0,0,0,0,0,0,0,0,0,0,0
Egypt,69,169,1565,0,0,0,465,924,1383,391,181,47,260,214,125,59,1,61,171,0,357,392,6046,0,92,44,155,468,610,3262,165
France,457,56,5572,0,0,465,0,9994,11995,814,43,1240,91,88,655,14,12,511,64,0,134,1878,775,1,30,50,1054,944,328,20236,5
Germany,29,72,9197,0,0,924,9994,0,18651,1395,76,2054,179,72,123,16,0,101,64,0,153,3182,878,1,51,31,171,1430,340,33245,10
Great Britain,73,552,19329,0,0,1383,11995,18651,0,2148,451,2137,418,220,314,82,1,218,193,0,475,2494,2247,6,124,55,180,2171,1089,52359,26
Iran,32,81,1935,0,0,391,814,1395,2148,0,455,57,127,150,65,13,0,29,126,0,174,601,562,1,30,29,71,1123,194,6189,33
Iraq,12,27,144,0,0,181,43,76,451,455,0,3,77,19,21,16,1,7,41,0,18,86,318,0,19,17,25,193,79,536,12
Israel,0,15,1088,0,0,47,1240,2054,2137,57,3,0,11,10,30,3,0,44,10,0,17,460,87,0,2,4,14,252,65,6923,2
Jordan,28,78,204,0,0,260,91,179,418,127,77,11,0,62,63,25,0,22,68,0,87,62,555,0,13,13,22,101,459,905,38
Kuwait,8,25,85,0,0,214,88,72,220,150,19,10,62,0,22,1,0,8,21,0,45,48,140,0,2,2,13,107,75,413,5
Lebanon,9,43,119,0,0,125,655,123,314,65,21,30,63,22,0,7,0,15,22,0,70,33,134,0,6,13,23,84,108,1014,4
Libya,1,7,15,0,0,59,14,16,82,13,16,3,25,1,7,0,0,6,3,0,5,5,38,0,4,3,11,12,13,60,2
Mauritania,0,0,0,0,0,1,12,0,1,0,1,0,0,0,0,0,0,2,0,0,0,0,1,0,0,0,2,2,0,2,0
Morocco,7,7,96,0,0,61,511,101,218,29,7,44,22,8,15,6,2,0,2,0,51,82,97,0,7,19,35,135,39,290,8
Oman,8,38,92,0,0,171,64,64,193,126,41,10,68,21,22,3,0,2,0,0,51,28,159,0,12,1,31,48,92,260,5
Palestinian Authority,0,0,0,0,0,0,0,0,0,0,0,0,0,0,0,0,0,0,0,0,0,0,0,0,0,0,0,0,0,0,0
Qatar,14,126,689,0,0,357,134,153,475,174,18,17,87,45,70,5,0,51,51,0,0,64,513,0,11,7,44,141,324,1328,22
Russia,12,55,2160,0,0,392,1878,3182,2494,601,86,460,62,48,33,5,0,82,28,0,64,0,486,0,12,19,38,519,154,4714,14
Saudi Arabia,172,270,3117,0,0,6046,775,878,2247,562,318,87,555,140,134,38,1,97,159,0,513,486,0,1,284,24,879,885,776,4956,311
Somalia,0,0,1,0,0,0,1,1,6,1,0,0,0,0,0,0,0,0,0,0,0,0,1,0,1,0,0,1,0,4,0
Sudan,1,17,135,0,0,92,30,51,124,30,19,2,13,2,6,4,0,7,12,0,11,12,284,1,0,4,6,18,40,128,11
Syria,2,3,29,0,0,44,50,31,55,29,17,4,13,2,13,3,0,19,1,0,7,19,24,0,4,0,8,14,6,111,2
Tunisia,46,19,131,0,0,155,1054,171,180,71,25,14,22,13,23,11,2,35,31,0,44,38,879,0,6,8,0,118,109,415,11
Turkey,79,97,1105,0,0,468,944,1430,2171,1123,193,252,101,107,84,12,2,135,48,0,141,519,885,1,18,14,118,0,181,4361,38
United Arab Emirates,33,177,664,0,0,610,328,340,1089,194,79,65,459,75,108,13,0,39,92,0,324,154,776,0,40,6,109,181,0,1842,14
United States,177,1182,98664,0,0,3262,20236,33245,52359,6189,536,6923,905,413,1014,60,2,290,260,0,1328,4714,4956,4,128,111,415,4361,1842,0,68
Yemen,3,2,85,0,0,165,5,10,26,33,12,2,38,5,4,2,0,8,5,0,22,14,311,0,11,2,11,38,14,68,0
Absolute #Papers,2941,4874,610360,0,0,36191,114660,193214,258619,79986,8432,26884,5975,2062,4488,614,37,3532,2347,0,4758,71554,36731,26,1230,848,5823,50335,9356,959010,896
